(394.8733333333333, 712.1466666666665, 77.6)
[ 0  0  0  0  0  0  0  0  6 14 11 69]
(385.3733333333333, 693.1466666666665, 77.6)
[ 0  0  0  0  0  0  0  2  4 14 11 69]
(377.02, 677.24, 76.80000000000001)
[ 0  0  0  0  0  0  0  3  6 13 11 67]
(372.145, 667.49, 76.80000000000001)
[ 0  0  0  0  0  0  0  4  6 13 10 67]
(367.8683333333333, 659.3366666666666, 76.4)
[ 0  0  0  0  0  0  0  5  6 13 10 66]
(364.1916666666667, 652.3833333333334, 76.0)
[ 0  0  0  0  0  0  0  6  6 13 10 65]
(359.115, 642.63, 75.6)
[ 0  0  0  0  0  0  0  8  5 13 10 64]
(356.6383333333334, 638.0766666666667, 75.2)
[ 0  0  0  0  0  0  0  9  6 12 10 63]
